	A	I	L	M	V	F	W	Y	N	C	Q	S	T	D	E	R	H	K	G	P   X   Z
A	0	0	0	1	0	1	0	0	1	1	1	0	1	1	1	0	0	1	1	0   0	0
I	0	0	0	0	0	0	0	0	0	0	0	0	0	0	0	0	0	0	0	0   0	0
L	0	0	0	0	0	0	0	0	0	0	0	0	0	0	0	0	0	0	0	0   0	0
M	1	0	0	0	0	0	0	0	1	1	1	1	1	1	1	0	0	1	1	0   0	0
V	0	0	0	0	0	0	0	0	0	0	0	0	0	0	0	0	0	0	0	0   0	0
F	1	0	0	0	0	2	0	0	0.6	0	0.6	1	1	0.5	0.5	0	0	1	1	0   0	0
W	0	0	0	0	0	0	0	0	0	0	0	0	0	0	0	0	0	0	0	0   0	0
Y	0	0	0	0	0	0	0	0	0	0	0	0	0	0	0	0	0	0	0	0   0	0
N	1	0	0	1	0	0.6	0	0	2	1	1	1	1	1	1	0	0	1	0.8	0   0	0
C	1	0	0	1	0	0	0	0	1	2	1	1	1	1	1	0	0	1	1	0   0	0
Q	1	0	0	1	0	0.6	0	0	1	1	2	1	1	1	1	0	0	1	0.8	0   0	0
S	0	0	0	1	0	1	0	0	1	1	1	2	1	1	1	0	0	1	1	0   0	0
T	1	0	0	1	0	1	0	0	1	1	1	1	2	1	1	0	0	1	1	0   0	0
D	1	0	0	1	0	0.5	0	0	1	1	1	1	1	2	1	0	0	1	1	0   0	0
E	1	0	0	1	0	0.5	0	0	1	1	1	1	1	1	2	0	0	1	1	0   0	0
R	0	0	0	0	0	0	0	0	0	0	0	0	0	0	0	0	0	0	0	0   0	0
H	0	0	0	0	0	0	0	0	0	0	0	0	0	0	0	0	0	0	0	0   0	0
K	1	0	0	1	0	1	0	0	1	1	1	1	1	1	1	0	0	2	1	0   0	0
G	1	0	0	1	0	1	0	0	0.8	1	0.8	1	1	1	1	0	0	1	0	0   0	0
P	0	0	0	0	0	0	0	0	0	0	0	0	0	0	0	0	0	0	0	0   0	0
X   0   0   0   0   0   0   0   0   0   0   0   0   0   0   0   0   0   0   0   0   0	0
Z	0	0	0	0	0	0	0	0	0	0	0	0	0	0	0	0	0	0	0	0	0	0
